50
7
28
29 -55
42 68
16 -71
75 -58
-39 34
3 -52
0 37
16 1
-25 -9
-17 11
71 -74
9 -62
-75 12
-26 -39
-9 -40
-11 8
28 65
-26 -6
14 -54
60 45
-10 -56
58 -5
60 -17
-48 -54
-31 79
22 -58
-53 52
-34 -17
16
35
7 58
-5 64
53 -26
-56 50
-51 -15
-48 -25
-9 37
-64 -80
-44 -13
-60 75
48 5
-51 -74
47 18
-6 -24
-75 -10
80 12
36 -71
21 -2
-57 -28
-72 34
21 -23
8 2
-37 9
14 -3
32 54
-34 -36
12 -35
33 -1
-63 -29
-64 79
7 -42
-41 -34
46 55
-19 28
45 22
8
40
-40 -29
-43 1
-47 62
-73 -20
31 -63
-29 -26
-6 -24
76 -7
-27 -72
-22 -54
40 -40
8 22
54 76
-26 -68
28 74
-39 19
2 18
-42 34
67 -55
-27 6
-70 -59
-28 -1
7 -70
67 -70
-17 42
7 16
-19 72
64 -50
63 -50
35 23
-77 49
-44 63
-54 -17
-1 -17
-8 52
26 -72
-54 60
77 -73
6 64
-37 -34
7
28
28 57
36 -8
-63 14
-2 -44
-56 -65
31 -57
65 -80
58 -17
-9 45
70 -9
29 30
70 34
-37 -7
-23 74
28 80
64 -63
-12 -62
-8 -66
63 15
1 38
-70 -80
26 -9
-40 25
-56 -44
19 51
66 71
-57 21
67 -57
8
44
54 19
69 6
33 52
-32 -56
-56 -50
-64 11
-56 54
15 -72
47 -19
-3 21
75 -76
-26 -30
-49 -52
26 26
-68 -74
55 65
-40 -53
12 29
-49 15
-73 -45
-38 -68
43 42
-31 14
12 44
63 -80
-36 26
16 52
12 -24
-61 11
21 -18
74 -19
-72 -76
-30 -35
37 -80
-34 -14
13 4
-77 49
35 2
-14 53
20 48
-59 74
-77 27
-42 -57
35 61
16
25
7 -17
-33 -33
54 -24
76 16
42 7
24 24
78 74
8 5
4 1
-56 -75
-6 59
-3 45
10 -32
-48 30
-1 -15
-62 -50
-23 6
-32 -70
-66 56
19 65
-33 -67
63 65
77 -73
47 19
50 2
16
28
-35 11
-14 -77
25 55
-53 45
-59 66
-48 -22
-8 -63
52 16
12 -5
70 31
-65 54
1 34
-15 -2
-24 -57
39 -15
-76 -59
44 -76
53 -26
-25 63
8 43
44 37
76 51
-67 54
35 35
-32 73
15 74
-64 -66
-56 70
15
30
45 71
-26 31
-29 38
-50 -72
71 17
1 -29
15 -38
58 -77
-61 -27
-26 60
-65 -63
-57 -13
61 -43
49 -47
23 -2
64 69
12 -33
54 -63
45 50
-46 -22
65 -27
40 65
63 8
-60 -54
65 48
-3 -7
36 13
9 7
61 60
-45 -30
15
35
-35 3
72 -28
-49 -25
-64 -33
45 67
-66 -64
8 -62
-5 -80
78 -66
74 32
18 42
26 14
-9 68
66 18
-66 -42
-67 2
-6 -30
47 10
61 -67
-6 -66
-67 -18
29 -40
3 -53
-59 49
-65 65
1 53
9 -77
-48 73
-18 39
-47 -26
-28 28
-33 -65
-31 -14
72 48
60 -48
16
48
73 -6
37 -73
-25 -72
63 -34
30 25
-38 -77
61 80
68 -74
31 63
-57 36
18 -74
-64 -64
66 35
-45 69
-37 53
29 -43
-29 67
-26 -68
6 22
-58 17
15 -70
19 74
-76 -1
-19 46
-68 -62
17 65
-72 -22
-13 41
-63 16
36 -62
-29 -59
-18 56
-78 0
-69 -46
-72 13
53 34
-48 52
-2 -44
-69 10
-16 33
-41 4
-27 7
62 76
21 -28
80 -33
7 9
50 -21
-38 16
15
19
56 -73
29 -38
-31 -4
-69 9
-48 -5
23 -11
75 32
-41 75
41 46
-63 45
57 36
71 72
-67 -5
61 17
-23 15
59 -5
-19 38
78 -34
78 56
15
41
-35 43
52 -80
72 29
-21 -54
-80 -40
13 50
34 25
28 -72
-16 56
-28 44
39 -73
-73 -24
51 59
-19 -5
75 -53
34 -52
12 -4
-21 20
12 67
-80 -80
30 -74
-75 -57
-60 -13
-35 45
46 71
78 -76
16 64
3 55
-30 -20
-8 -69
0 -29
41 42
-45 33
-35 24
8 -10
58 -16
33 -24
61 78
-16 5
-34 53
28 -31
15
40
77 -74
40 69
-5 -34
0 -77
-76 75
-21 -45
-21 63
2 -20
74 36
-20 -16
47 -42
-76 -54
61 45
-41 18
-41 -45
77 34
60 -50
38 -17
25 -49
54 2
13 7
43 1
5 -68
-65 -25
52 68
-73 -52
-16 25
22 56
45 34
30 8
-36 57
-59 14
39 -52
-58 -17
-58 -51
-46 45
-20 -67
-52 -4
19 33
76 -58
16
48
39 -79
-24 -49
-80 -4
71 5
77 -54
48 -38
-55 -74
-18 29
22 9
-17 36
24 49
-53 42
36 -52
-25 -10
-55 -60
9 -59
-50 -53
-4 -16
-60 -16
67 -2
52 -13
68 50
-16 48
47 -77
48 66
9 -20
52 -60
-36 25
4 -40
-11 -56
7 -25
-55 65
26 58
32 10
-63 -10
-38 -72
11 30
36 1
3 -4
-66 33
-7 1
-23 28
75 -48
5 71
-77 -64
15 -18
50 -3
-28 8
16
14
33 -69
-23 24
-54 28
-80 -18
11 0
17 32
-39 -48
-43 -25
-50 68
-73 0
-45 20
-32 53
79 10
-78 -55
8
23
55 -29
52 -13
23 -51
45 -6
22 12
-44 68
78 40
-30 -46
73 -34
73 0
-60 -80
-45 12
-40 63
-68 38
31 40
25 62
68 74
-21 -40
-1 -73
17 -62
56 -68
40 -3
-44 39
16
23
49 70
-78 -75
-9 48
24 -73
-69 -70
-56 -42
-48 77
25 -24
47 14
75 -64
-68 -26
-58 64
68 31
42 45
11 -3
-43 -30
52 63
-27 -40
72 13
-24 7
46 -50
14 59
-65 14
8
13
31 -12
67 -76
-56 68
31 -7
-24 44
-26 72
-48 -65
-8 44
60 59
-26 -59
-47 32
-2 33
63 -41
7
28
23 21
0 -73
74 -47
-51 74
-71 32
63 2
80 60
-33 -75
-20 -28
-41 -63
74 -34
71 -54
-45 -64
-64 -62
-10 -51
-68 -68
-15 62
59 -35
28 14
19 -46
79 -8
-31 45
-18 50
-60 19
-53 65
-79 -69
68 -2
62 -31
7
45
-66 -10
23 -1
52 -74
42 31
-30 -12
57 -53
0 -74
-13 51
70 -66
-28 -71
-17 48
17 -16
66 7
-17 55
-20 -40
56 -46
-56 -2
-56 -51
-58 19
-56 -30
-45 55
-15 -76
79 25
65 -9
-45 -56
-42 -68
21 60
-52 -62
-75 -20
-4 5
-49 7
67 15
-36 41
-15 -10
-74 -40
-17 -40
17 64
-2 -42
80 -39
63 -73
-47 -42
72 -14
-49 -79
13 -74
33 9
8
34
8 74
-40 41
-51 73
59 49
16 -11
-42 -80
-69 -73
-54 72
20 47
-49 -33
67 62
0 -6
-52 36
4 -37
65 31
-15 -32
-39 20
-72 27
63 45
-44 50
3 -36
-6 -78
75 80
60 -51
13 -37
8 18
52 17
-16 -5
41 -55
-20 57
-32 46
5 -25
71 31
-3 -29
7
21
-16 -49
5 38
24 -30
-36 39
-36 -42
-3 15
75 11
37 58
70 35
-73 70
-73 -7
48 -20
61 -17
38 4
58 69
-62 -16
40 55
-8 -21
-21 56
79 61
-2 -28
16
14
63 23
49 69
-63 -40
-59 29
-61 -23
71 -14
-43 -15
4 27
69 2
-67 -60
18 9
-21 34
16 -24
58 -38
8
48
-74 -78
-8 -63
-55 49
-77 63
73 72
30 -23
-9 10
8 -71
47 6
-67 -37
-59 -62
9 47
42 12
-69 -64
-47 2
57 56
9 -61
-78 -15
45 24
-14 -28
57 22
-34 16
71 79
-30 -29
58 32
-66 -55
37 -48
-60 -64
25 54
39 -19
-80 -57
-20 -63
-79 -40
-25 -52
80 -46
-60 -62
53 -40
58 -41
72 -74
68 -58
0 50
-75 5
-69 69
21 -47
30 9
55 80
28 26
63 69
7
18
62 -39
-11 -46
-17 50
-44 -37
-51 75
-66 73
-71 30
-48 -7
67 12
80 26
2 0
-61 -71
-23 76
-59 17
-43 6
-5 -50
1 59
-42 -9
15
31
-68 -45
-36 -70
-60 -40
-4 22
59 -69
-50 17
10 4
-70 12
68 -74
32 21
-49 45
74 -23
10 79
-30 42
-1 54
-78 -63
-20 -72
-61 -38
32 -71
76 78
-2 -49
1 -11
-40 73
79 66
-4 -21
-74 58
-59 78
1 62
28 76
60 12
-53 8
16
46
63 -49
-55 -53
-15 75
-53 29
-10 -10
-15 -7
-76 -48
-72 32
50 -19
-62 -43
20 3
-8 52
73 -23
77 37
65 -29
47 -67
-80 -54
47 -54
42 10
-65 2
15 -20
-16 64
-16 -33
-39 0
43 -50
-69 -15
31 54
3 -29
-38 -75
-44 54
40 72
-74 44
-18 -6
48 -29
65 27
-73 -40
56 -54
1 -18
40 38
-79 18
-70 -64
62 -78
51 47
38 25
-76 -70
76 -47
7
35
-16 -63
27 -55
40 -39
-65 -20
55 -17
-54 -76
71 61
-2 -28
31 22
62 61
34 78
-4 23
-49 21
40 3
-29 57
13 -15
34 38
-53 -78
49 50
-8 13
-42 64
-80 32
-35 41
32 52
16 -19
-73 19
-10 -52
10 -22
78 41
-72 23
-55 -11
-32 -38
-78 -38
-33 55
11 0
15
34
36 -49
54 61
-20 -23
69 -59
-10 -8
-43 29
72 -58
18 73
58 44
-16 35
71 -20
-56 71
75 -57
-69 -41
-41 -5
-10 44
9 -57
22 7
58 45
-11 -34
77 55
-57 -71
-72 -11
78 42
80 -40
-42 -21
20 66
-30 -37
32 -22
17 78
-17 27
65 -32
54 -39
48 -4
8
23
26 -24
59 47
-39 25
32 -61
0 -55
10 57
-65 35
-55 40
52 47
-59 -41
65 3
61 20
-3 43
-76 14
15 -1
-50 -26
-56 62
69 68
-55 53
72 58
-22 0
32 50
34 61
7
33
-13 -15
-51 -64
-32 -74
41 -21
-74 0
-65 44
-26 -12
30 -17
14 72
12 -16
15 -57
-39 -79
68 8
66 -44
-61 -68
-46 -53
2 -9
29 64
19 -27
62 -20
-43 -8
-32 -45
79 52
30 33
74 10
12 26
-56 29
-15 32
72 -1
71 -16
-10 -11
-59 -63
7 -33
7
50
-58 73
36 52
-21 -53
1 -69
65 35
55 -75
-12 -53
-13 -35
1 5
-71 -64
-43 69
-22 63
-74 41
-4 3
-45 -72
18 71
45 26
-2 -31
-48 48
-70 53
34 -72
32 79
64 -20
61 -9
-12 3
41 31
70 46
30 -68
-37 -73
-79 47
-6 -66
11 39
-73 -45
-24 49
40 -30
-62 17
15 -38
29 -17
-47 5
-44 16
79 15
39 28
43 52
2 0
-24 20
-16 -55
16 -73
-2 78
-28 -67
9 -56
15
30
58 -79
-53 -25
66 -53
-22 69
42 -52
-33 58
75 21
60 -26
-54 30
64 -59
-60 26
-22 -13
75 67
76 -35
-53 24
31 -34
37 -72
-43 66
24 -74
67 45
45 77
-38 -7
-60 -44
-44 -2
-29 -55
-62 4
-33 -74
63 51
10 56
-26 -66
15
13
-4 -13
63 -26
-22 16
46 32
-11 -40
49 -6
-61 -62
-44 -44
-64 -76
-7 2
50 73
-68 63
-9 -38
7
14
40 25
-10 -64
66 58
54 79
73 -63
-39 49
0 64
23 53
-6 40
-34 -41
-34 -47
-16 53
12 -17
66 1
8
26
9 -15
-24 49
-23 40
-20 42
43 -8
-3 26
-42 -79
31 25
-66 50
-46 -48
-6 -3
15 22
49 -19
53 -28
69 -13
-22 -74
-60 -42
-7 -43
67 -12
-41 -29
36 47
10 19
45 79
-36 43
-20 30
68 -5
16
11
-80 -17
-22 -76
-23 73
-39 -39
-14 75
36 62
-39 32
-59 66
24 -7
55 -26
35 -28
16
31
-15 -31
-54 -78
60 -8
-68 55
-42 -65
79 3
26 52
71 -71
39 -1
-38 11
-63 -65
-67 -41
18 17
-24 -76
-6 -65
-29 -32
-48 -76
36 49
-5 45
73 43
62 -4
-32 -59
49 -45
66 75
45 54
5 30
-13 20
-27 -56
-70 -26
44 0
-58 -38
7
13
41 79
15 15
-9 65
-79 10
52 -64
64 -72
-35 -19
-31 39
-48 -48
-36 77
23 22
-18 46
-43 66
15
29
-67 8
-47 -22
33 6
-66 50
-20 66
47 13
41 77
42 -31
-68 -73
38 -40
27 63
-19 -38
-74 -29
-18 -8
-12 -27
70 -50
-70 51
58 -71
-37 1
73 -52
62 -73
-55 53
-10 -40
41 58
67 -31
71 -60
67 -5
0 -1
23 -53
15
23
71 26
-80 -62
11 -39
-17 41
-5 -57
-8 34
-77 -67
14 -47
66 47
8 75
-37 63
-44 72
58 -52
34 67
45 7
-34 -12
16 17
-39 25
3 76
38 -72
10 -12
55 63
31 53
15
11
-58 -11
2 77
-41 -48
-65 63
-16 -5
-63 47
-73 13
-18 -49
32 -17
73 -10
29 7
8
41
-49 -68
78 58
-69 33
9 -28
38 -66
55 26
2 70
-45 -73
39 -46
5 42
56 74
19 -72
60 -79
19 36
33 49
17 -10
35 79
-47 66
-46 22
-4 -36
55 -48
-71 31
8 -71
26 -80
50 -49
14 -9
-59 63
80 71
-70 37
27 -70
-3 64
19 63
52 41
-6 -48
79 -53
50 -74
-31 -25
26 -4
-71 78
-27 22
-76 44
15
22
-9 -26
-60 -43
64 66
-52 -43
34 14
-25 -29
-14 1
26 43
-53 54
-57 38
-60 -58
-68 -52
30 77
35 -45
-36 62
14 38
-55 8
-9 57
-54 79
75 -22
37 51
-56 -16
7
23
34 61
43 68
34 -62
-14 55
-77 76
57 59
35 -54
-41 -72
-13 -77
43 47
30 25
45 66
-17 13
3 48
45 -4
-68 -1
30 -53
11 -67
-75 48
16 -71
52 11
66 12
-23 -6
16
48
66 -41
-50 -51
-48 78
-1 35
-20 24
42 38
73 75
41 25
77 -10
76 -39
21 -22
-72 44
28 -64
63 -3
64 -10
-4 14
53 -6
57 -39
75 74
23 -66
55 1
51 -53
-17 -14
37 52
-45 5
-1 -9
-20 3
-24 -1
38 -5
49 12
-67 77
47 10
-45 24
-3 -13
-80 45
42 50
-57 -31
68 41
-29 20
21 65
-45 13
7 -15
51 -49
54 -29
-9 53
-42 18
46 -26
60 -46
15
16
-75 -7
-70 -59
-79 73
-36 -15
59 19
-55 11
-30 42
19 -45
24 -49
-48 52
59 32
-37 22
-13 -74
-10 34
2 -45
-24 17
8
47
-79 -63
29 78
-18 52
21 -51
42 51
45 79
28 28
21 23
78 -4
11 10
40 64
-43 61
-43 30
-3 -27
78 33
48 10
-53 3
-59 -44
-30 70
-26 48
64 -13
43 57
-46 -73
40 -3
-29 60
-56 -41
63 76
5 -34
-28 80
27 14
-7 -61
-78 -54
44 4
25 72
-38 73
-46 -22
-1 46
-12 -43
44 -66
49 -13
70 13
-24 51
10 51
59 21
-75 -46
-75 18
-18 -20
16
28
68 -13
-1 -13
12 26
-47 -9
8 -24
-23 78
-14 -64
-7 22
-42 -79
-40 7
64 -73
-32 55
-27 -57
-32 22
-49 17
54 9
75 -69
-13 -65
37 32
42 17
64 50
-78 43
-74 31
-34 -14
11 74
-50 -12
-26 -15
-37 6
7
13
45 -57
-27 9
21 35
-29 -7
25 -7
-24 8
77 64
65 10
40 -25
-28 -23
-59 55
42 -80
17 58

